       ############241，243，245，251，253，254#########
###241
1, 10, 4, 11, 19, 9, 18, 21, 24, 2, 12, 8, 23, 20, 13, 3, 17, 7, 26, 14, 16, 25, 6, 22, 15, 5
5, 19, 15, 22, 16, 26, 10, 1, 25, 17, 21, 9, 18, 8, 24, 12, 14, 6, 20, 7, 11, 4, 3, 13, 23, 2
5, 11, 13, 6, 12, 7, 4, 17, 22, 26, 14, 20, 15, 23, 25, 8, 24, 21, 19, 16, 1, 9, 2, 18, 3, 10
###243
1, 10, 4, 11, 19, 9, 18, 21, 24, 2, 12, 8, 23, 20, 13, 3, 17, 7, 26, 14, 16, 25, 6, 22, 15, 5
5, 19, 15, 22, 16, 26, 10, 1, 25, 17, 21, 9, 18, 8, 24, 12, 14, 6, 20, 7, 11, 4, 3, 13, 23, 2
2, 4, 6, 8, 10, 12, 3, 16, 18, 20, 24, 22, 26, 14, 25, 5, 9, 23, 7, 1, 11, 13, 21, 19, 17, 15
###245
1, 10, 4, 11, 19, 9, 18, 21, 24, 2, 12, 8, 23, 20, 13, 3, 17, 7, 26, 14, 16, 25, 6, 22, 15, 5
5, 19, 15, 22, 16, 26, 10, 1, 25, 17, 21, 9, 18, 8, 24, 12, 14, 6, 20, 7, 11, 4, 3, 13, 23, 2
22, 26, 2, 18, 7, 9, 20, 25, 21, 16, 19, 4, 14, 8, 12, 24, 1, 23, 13, 10, 17, 15, 6, 5, 3, 11
###251
1, 10, 4, 11, 19, 9, 18, 21, 24, 2, 12, 8, 23, 20, 13, 3, 17, 7, 26, 14, 16, 25, 6, 22, 15, 5
22, 26, 2, 18, 7, 9, 20, 25, 21, 16, 19, 4, 14, 8, 12, 24, 1, 23, 13, 10, 17, 15, 6, 5, 3, 11
5, 11, 13, 6, 12, 7, 4, 17, 22, 26, 14, 20, 15, 23, 25, 8, 24, 21, 19, 16, 1, 9, 2, 18, 3, 10
###253
1, 10, 4, 11, 19, 9, 18, 21, 24, 2, 12, 8, 23, 20, 13, 3, 17, 7, 26, 14, 16, 25, 6, 22, 15, 5
22, 26, 2, 18, 7, 9, 20, 25, 21, 16, 19, 4, 14, 8, 12, 24, 1, 23, 13, 10, 17, 15, 6, 5, 3, 11
2, 4, 6, 8, 10, 12, 3, 16, 18, 20, 24, 22, 26, 14, 25, 5, 9, 23, 7, 1, 11, 13, 21, 19, 17, 15
###254
1, 10, 4, 11, 19, 9, 18, 21, 24, 2, 12, 8, 23, 20, 13, 3, 17, 7, 26, 14, 16, 25, 6, 22, 15, 5
22, 26, 2, 18, 7, 9, 20, 25, 21, 16, 19, 4, 14, 8, 12, 24, 1, 23, 13, 10, 17, 15, 6, 5, 3, 11
5, 19, 15, 22, 16, 26, 10, 1, 25, 17, 21, 9, 18, 8, 24, 12, 14, 6, 20, 7, 11, 4, 3, 13, 23, 2